Reading in cache for location 4509884
Performing calculations...
From: 2022-02-01 @ 14:23 until 2022-02-02 @ 21:26
['1643743802', '2022-02-01', '14:23', '30.09', '1019', (0, 0, -1, -1, -2, -2, -2, -2, -2, -2, -2, -2, -2, -2, -1, -1, -2, -2, -2, -2, -2, -2, -2, -2, -2, -2, -2, -2, -2, -2, -3, -3, -3, -3, -3, -3, -2, -2, -2, -2, -2, -2, -2, -1, -1, -1, -1, -1, -2, -2, -3, -3, -3, -3, -3, -3, -3, -3, -3, -2, -2, -1, -1), (0, 0, 1, 1, 2, 2, 2, 2, 2, 2, 2, 2, 2, 2, 2, 2, 2, 2, 2, 2, 2, 2, 2, 2, 2, 2, 2, 2, 2, 2, 3, 3, 3, 3, 3, 3, 3, 3, 3, 3, 3, 3, 3, 3, 3, 3, 3, 3, 3, 3, 3, 3, 3, 3, 3, 3, 3, 3, 3, 3, 3, 3, 3), ' ']
['1643745602', '2022-02-01', '14:53', '30.09', '1019', (0, 0, 0, -1, -1, -2, -2, -2, -2, -2, -2, -2, -2, -2, -2, -1, -1, -2, -2, -2, -2, -2, -2, -2, -2, -2, -2, -2, -2, -2, -2, -3, -3, -3, -3, -3, -3, -2, -2, -2, -2, -2, -2, -2, -1, -1, -1, -1, -1, -2, -2, -3, -3, -3, -3, -3, -3, -3, -3, -3, -2, -2, -1, -1), (0, 0, 0, 1, 1, 2, 2, 2, 2, 2, 2, 2, 2, 2, 2, 2, 2, 2, 2, 2, 2, 2, 2, 2, 2, 2, 2, 2, 2, 2, 2, 3, 3, 3, 3, 3, 3, 3, 3, 3, 3, 3, 3, 3, 3, 3, 3, 3, 3, 3, 3, 3, 3, 3, 3, 3, 3, 3, 3, 3, 3, 3, 3), ' ']
['1643747401', '2022-02-01', '15:23', '30.06', '1018', (-1, -1, -1, -1, -2, -2, -3, -3, -3, -3, -3, -3, -3, -3, -3, -3, -2, -2, -3, -3, -3, -3, -3, -3, -3, -3, -3, -3, -3, -3, -3, -3, -4, -4, -4, -4, -4, -4, -3, -3, -3, -3, -3, -3, -3, -2, -2, -2, -2, -2, -3, -3, -4, -4, -4, -4, -4, -4, -4, -4, -4, -3, -3, -2, -2), (0, 0, 0, 0, 1, 1, 2, 2, 2, 2, 2, 2, 2, 2, 2, 2, 2, 2, 2, 2, 2, 2, 2, 2, 2, 2, 2, 2, 2, 2, 2, 2, 3, 3, 3, 3, 3, 3, 3, 3, 3, 3, 3, 3, 3, 3, 3, 3, 3, 3, 3, 3, 3, 3, 3, 3, 3, 3, 3, 3, 3, 3, 3), ' ']
['1643749202', '2022-02-01', '15:53', '30.06', '1018', (0, -1, -1, -1, -1, -2, -2, -3, -3, -3, -3, -3, -3, -3, -3, -3, -3, -2, -2, -3, -3, -3, -3, -3, -3, -3, -3, -3, -3, -3, -3, -3, -3, -4, -4, -4, -4, -4, -4, -3, -3, -3, -3, -3, -3, -3, -2, -2, -2, -2, -2, -3, -3, -4, -4, -4, -4, -4, -4, -4, -4, -4, -3, -3, -2, -2), (0, 1, 1, 1, 1, 2, 2, 3, 3, 3, 3, 3, 3, 3, 3, 3, 3, 3, 3, 3, 3, 3, 3, 3, 3, 3, 3, 3, 3, 3, 3, 3, 3, 4, 4, 4, 4, 4, 4, 4, 4, 4, 4, 4, 4, 4, 4, 4, 4, 4, 4, 4, 4, 4, 4, 4, 4, 4, 4, 4, 4, 4, 4), ' ']
['1643751002', '2022-02-01', '16:24', '30.06', '1018', (0, 0, -1, -1, -1, -1, -2, -2, -3, -3, -3, -3, -3, -3, -3, -3, -3, -3, -2, -2, -3, -3, -3, -3, -3, -3, -3, -3, -3, -3, -3, -3, -3, -3, -4, -4, -4, -4, -4, -4, -3, -3, -3, -3, -3, -3, -3, -2, -2, -2, -2, -2, -3, -3, -4, -4, -4, -4, -4, -4, -4, -4, -4, -3, -3, -2, -2), (0, 0, 1, 1, 1, 1, 2, 2, 3, 3, 3, 3, 3, 3, 3, 3, 3, 3, 3, 3, 3, 3, 3, 3, 3, 3, 3, 3, 3, 3, 3, 3, 3, 3, 4, 4, 4, 4, 4, 4, 4, 4, 4, 4, 4, 4, 4, 4, 4, 4, 4, 4, 4, 4, 4, 4, 4, 4, 4, 4, 4, 4, 4), ' ']
['1643752802', '2022-02-01', '16:54', '30.06', '1018', (0, 0, 0, -1, -1, -1, -1, -2, -2, -3, -3, -3, -3, -3, -3, -3, -3, -3, -3, -2, -2, -3, -3, -3, -3, -3, -3, -3, -3, -3, -3, -3, -3, -3, -3, -4, -4, -4, -4, -4, -4, -3, -3, -3, -3, -3, -3, -3, -2, -2, -2, -2, -2, -3, -3, -4, -4, -4, -4, -4, -4, -4, -4, -4, -3, -3, -2, -2), (0, 0, 0, 1, 1, 1, 1, 2, 2, 3, 3, 3, 3, 3, 3, 3, 3, 3, 3, 3, 3, 3, 3, 3, 3, 3, 3, 3, 3, 3, 3, 3, 3, 3, 3, 4, 4, 4, 4, 4, 4, 4, 4, 4, 4, 4, 4, 4, 4, 4, 4, 4, 4, 4, 4, 4, 4, 4, 4, 4, 4, 4, 4), ' ']
['1643754601', '2022-02-01', '17:24', '30.06', '1018', (0, 0, 0, 0, -1, -1, -1, -1, -2, -2, -3, -3, -3, -3, -3, -3, -3, -3, -3, -3, -2, -2, -3, -3, -3, -3, -3, -3, -3, -3, -3, -3, -3, -3, -3, -3, -4, -4, -4, -4, -4, -4, -3, -3, -3, -3, -3, -3, -3, -2, -2, -2, -2, -2, -3, -3, -4, -4, -4, -4, -4, -4, -4, -4, -4, -3, -3, -2, -2), (0, 0, 0, 0, 1, 1, 1, 1, 2, 2, 3, 3, 3, 3, 3, 3, 3, 3, 3, 3, 3, 3, 3, 3, 3, 3, 3, 3, 3, 3, 3, 3, 3, 3, 3, 3, 4, 4, 4, 4, 4, 4, 4, 4, 4, 4, 4, 4, 4, 4, 4, 4, 4, 4, 4, 4, 4, 4, 4, 4, 4, 4, 4), ' ']
['1643756402', '2022-02-01', '17:54', '30.06', '1018', (0, 0, 0, 0, 0, -1, -1, -1, -1, -2, -2, -3, -3, -3, -3, -3, -3, -3, -3, -3, -3, -2, -2, -3, -3, -3, -3, -3, -3, -3, -3, -3, -3, -3, -3, -3, -3, -4, -4, -4, -4, -4, -4, -3, -3, -3, -3, -3, -3, -3, -2, -2, -2, -2, -2, -3, -3, -4, -4, -4, -4, -4, -4, -4, -4, -4, -3, -3, -2, -2), (0, 0, 0, 0, 0, 1, 1, 1, 1, 2, 2, 3, 3, 3, 3, 3, 3, 3, 3, 3, 3, 3, 3, 3, 3, 3, 3, 3, 3, 3, 3, 3, 3, 3, 3, 3, 3, 4, 4, 4, 4, 4, 4, 4, 4, 4, 4, 4, 4, 4, 4, 4, 4, 4, 4, 4, 4, 4, 4, 4, 4, 4, 4), ' ']
['1643758202', '2022-02-01', '18:24', '30.06', '1018', (0, 0, 0, 0, 0, 0, -1, -1, -1, -1, -2, -2, -3, -3, -3, -3, -3, -3, -3, -3, -3, -3, -2, -2, -3, -3, -3, -3, -3, -3, -3, -3, -3, -3, -3, -3, -3, -3, -4, -4, -4, -4, -4, -4, -3, -3, -3, -3, -3, -3, -3, -2, -2, -2, -2, -2, -3, -3, -4, -4, -4, -4, -4, -4, -4, -4, -4, -3, -3, -2, -2), (0, 0, 0, 0, 0, 0, 1, 1, 1, 1, 2, 2, 3, 3, 3, 3, 3, 3, 3, 3, 3, 3, 3, 3, 3, 3, 3, 3, 3, 3, 3, 3, 3, 3, 3, 3, 3, 3, 4, 4, 4, 4, 4, 4, 4, 4, 4, 4, 4, 4, 4, 4, 4, 4, 4, 4, 4, 4, 4, 4, 4, 4, 4), ' ']
['1643760002', '2022-02-01', '18:54', '30.06', '1018', (0, 0, 0, 0, 0, 0, 0, -1, -1, -1, -1, -2, -2, -3, -3, -3, -3, -3, -3, -3, -3, -3, -3, -2, -2, -3, -3, -3, -3, -3, -3, -3, -3, -3, -3, -3, -3, -3, -3, -4, -4, -4, -4, -4, -4, -3, -3, -3, -3, -3, -3, -3, -2, -2, -2, -2, -2, -3, -3, -4, -4, -4, -4, -4, -4, -4, -4, -4, -3, -3, -2, -2), (0, 0, 0, 0, 0, 0, 0, 1, 1, 1, 1, 2, 2, 3, 3, 3, 3, 3, 3, 3, 3, 3, 3, 3, 3, 3, 3, 3, 3, 3, 3, 3, 3, 3, 3, 3, 3, 3, 3, 4, 4, 4, 4, 4, 4, 4, 4, 4, 4, 4, 4, 4, 4, 4, 4, 4, 4, 4, 4, 4, 4, 4, 4), ' ']
['1643761802', '2022-02-01', '19:25', '30.06', '1018', (0, 0, 0, 0, 0, 0, 0, 0, -1, -1, -1, -1, -2, -2, -3, -3, -3, -3, -3, -3, -3, -3, -3, -3, -2, -2, -3, -3, -3, -3, -3, -3, -3, -3, -3, -3, -3, -3, -3, -3, -4, -4, -4, -4, -4, -4, -3, -3, -3, -3, -3, -3, -3, -2, -2, -2, -2, -2, -3, -3, -4, -4, -4, -4, -4, -4, -4, -4, -4, -3, -3, -2, -2), (0, 0, 0, 0, 0, 0, 0, 0, 1, 1, 1, 1, 2, 2, 3, 3, 3, 3, 3, 3, 3, 3, 3, 3, 3, 3, 3, 3, 3, 3, 3, 3, 3, 3, 3, 3, 3, 3, 3, 3, 4, 4, 4, 4, 4, 4, 4, 4, 4, 4, 4, 4, 4, 4, 4, 4, 4, 4, 4, 4, 4, 4, 4), ' ']
['1643763602', '2022-02-01', '19:55', '30.06', '1018', (0, 0, 0, 0, 0, 0, 0, 0, 0, -1, -1, -1, -1, -2, -2, -3, -3, -3, -3, -3, -3, -3, -3, -3, -3, -2, -2, -3, -3, -3, -3, -3, -3, -3, -3, -3, -3, -3, -3, -3, -3, -4, -4, -4, -4, -4, -4, -3, -3, -3, -3, -3, -3, -3, -2, -2, -2, -2, -2, -3, -3, -4, -4, -4, -4, -4, -4, -4, -4, -4, -3, -3, -2, -2), (0, 0, 0, 0, 0, 0, 0, 0, 0, 1, 1, 1, 1, 2, 2, 3, 3, 3, 3, 3, 3, 3, 3, 3, 3, 3, 3, 3, 3, 3, 3, 3, 3, 3, 3, 3, 3, 3, 3, 3, 3, 4, 4, 4, 4, 4, 4, 4, 4, 4, 4, 4, 4, 4, 4, 4, 4, 4, 4, 4, 4, 4, 4), ' ']
['1643765401', '2022-02-01', '20:25', '30.09', '1019', (1, 1, 1, 1, 1, 1, 1, 1, 1, 1, 0, 0, 0, 0, -1, -1, -2, -2, -2, -2, -2, -2, -2, -2, -2, -2, -1, -1, -2, -2, -2, -2, -2, -2, -2, -2, -2, -2, -2, -2, -2, -2, -3, -3, -3, -3, -3, -3, -2, -2, -2, -2, -2, -2, -2, -1, -1, -1, -1, -1, -2, -2, -3, -3, -3, -3, -3, -3, -3, -3, -3, -2, -2, -1, -1), (0, 0, 0, 0, 0, 0, 0, 0, 0, 0, 1, 1, 1, 1, 2, 2, 3, 3, 3, 3, 3, 3, 3, 3, 3, 3, 3, 3, 3, 3, 3, 3, 3, 3, 3, 3, 3, 3, 3, 3, 3, 3, 4, 4, 4, 4, 4, 4, 4, 4, 4, 4, 4, 4, 4, 4, 4, 4, 4, 4, 4, 4, 4), ' ']
['1643767202', '2022-02-01', '20:55', '30.09', '1019', (0, 1, 1, 1, 1, 1, 1, 1, 1, 1, 1, 0, 0, 0, 0, -1, -1, -2, -2, -2, -2, -2, -2, -2, -2, -2, -2, -1, -1, -2, -2, -2, -2, -2, -2, -2, -2, -2, -2, -2, -2, -2, -2, -3, -3, -3, -3, -3, -3, -2, -2, -2, -2, -2, -2, -2, -1, -1, -1, -1, -1, -2, -2, -3, -3, -3, -3, -3, -3, -3, -3, -3, -2, -2, -1, -1), (0, 1, 1, 1, 1, 1, 1, 1, 1, 1, 1, 1, 1, 1, 1, 2, 2, 3, 3, 3, 3, 3, 3, 3, 3, 3, 3, 3, 3, 3, 3, 3, 3, 3, 3, 3, 3, 3, 3, 3, 3, 3, 3, 4, 4, 4, 4, 4, 4, 4, 4, 4, 4, 4, 4, 4, 4, 4, 4, 4, 4, 4, 4), ' ']
['1643769002', '2022-02-01', '21:25', '30.09', '1019', (0, 0, 1, 1, 1, 1, 1, 1, 1, 1, 1, 1, 0, 0, 0, 0, -1, -1, -2, -2, -2, -2, -2, -2, -2, -2, -2, -2, -1, -1, -2, -2, -2, -2, -2, -2, -2, -2, -2, -2, -2, -2, -2, -2, -3, -3, -3, -3, -3, -3, -2, -2, -2, -2, -2, -2, -2, -1, -1, -1, -1, -1, -2, -2, -3, -3, -3, -3, -3, -3, -3, -3, -3, -2, -2, -1, -1), (0, 0, 1, 1, 1, 1, 1, 1, 1, 1, 1, 1, 1, 1, 1, 1, 2, 2, 3, 3, 3, 3, 3, 3, 3, 3, 3, 3, 3, 3, 3, 3, 3, 3, 3, 3, 3, 3, 3, 3, 3, 3, 3, 3, 4, 4, 4, 4, 4, 4, 4, 4, 4, 4, 4, 4, 4, 4, 4, 4, 4, 4, 4), ' ']
['1643770802', '2022-02-01', '21:55', '30.09', '1019', (0, 0, 0, 1, 1, 1, 1, 1, 1, 1, 1, 1, 1, 0, 0, 0, 0, -1, -1, -2, -2, -2, -2, -2, -2, -2, -2, -2, -2, -1, -1, -2, -2, -2, -2, -2, -2, -2, -2, -2, -2, -2, -2, -2, -2, -3, -3, -3, -3, -3, -3, -2, -2, -2, -2, -2, -2, -2, -1, -1, -1, -1, -1, -2, -2, -3, -3, -3, -3, -3, -3, -3, -3, -3, -2, -2, -1, -1), (0, 0, 0, 1, 1, 1, 1, 1, 1, 1, 1, 1, 1, 1, 1, 1, 1, 2, 2, 3, 3, 3, 3, 3, 3, 3, 3, 3, 3, 3, 3, 3, 3, 3, 3, 3, 3, 3, 3, 3, 3, 3, 3, 3, 3, 4, 4, 4, 4, 4, 4, 4, 4, 4, 4, 4, 4, 4, 4, 4, 4, 4, 4), ' ']
['1643772601', '2022-02-01', '22:26', '30.09', '1019', (0, 0, 0, 0, 1, 1, 1, 1, 1, 1, 1, 1, 1, 1, 0, 0, 0, 0, -1, -1, -2, -2, -2, -2, -2, -2, -2, -2, -2, -2, -1, -1, -2, -2, -2, -2, -2, -2, -2, -2, -2, -2, -2, -2, -2, -2, -3, -3, -3, -3, -3, -3, -2, -2, -2, -2, -2, -2, -2, -1, -1, -1, -1, -1, -2, -2, -3, -3, -3, -3, -3, -3, -3, -3, -3, -2, -2, -1, -1), (0, 0, 0, 0, 1, 1, 1, 1, 1, 1, 1, 1, 1, 1, 1, 1, 1, 1, 2, 2, 3, 3, 3, 3, 3, 3, 3, 3, 3, 3, 3, 3, 3, 3, 3, 3, 3, 3, 3, 3, 3, 3, 3, 3, 3, 3, 4, 4, 4, 4, 4, 4, 4, 4, 4, 4, 4, 4, 4, 4, 4, 4, 4), ' ']
['1643774402', '2022-02-01', '22:56', '30.09', '1019', (0, 0, 0, 0, 0, 1, 1, 1, 1, 1, 1, 1, 1, 1, 1, 0, 0, 0, 0, -1, -1, -2, -2, -2, -2, -2, -2, -2, -2, -2, -2, -1, -1, -2, -2, -2, -2, -2, -2, -2, -2, -2, -2, -2, -2, -2, -2, -3, -3, -3, -3, -3, -3, -2, -2, -2, -2, -2, -2, -2, -1, -1, -1, -1, -1, -2, -2, -3, -3, -3, -3, -3, -3, -3, -3, -3, -2, -2, -1, -1), (0, 0, 0, 0, 0, 1, 1, 1, 1, 1, 1, 1, 1, 1, 1, 1, 1, 1, 1, 2, 2, 3, 3, 3, 3, 3, 3, 3, 3, 3, 3, 3, 3, 3, 3, 3, 3, 3, 3, 3, 3, 3, 3, 3, 3, 3, 3, 4, 4, 4, 4, 4, 4, 4, 4, 4, 4, 4, 4, 4, 4, 4, 4), ' ']
['1643776202', '2022-02-01', '23:26', '30.06', '1018', (-1, -1, -1, -1, -1, -1, 0, 0, 0, 0, 0, 0, 0, 0, 0, 0, -1, -1, -1, -1, -2, -2, -3, -3, -3, -3, -3, -3, -3, -3, -3, -3, -2, -2, -3, -3, -3, -3, -3, -3, -3, -3, -3, -3, -3, -3, -3, -3, -4, -4, -4, -4, -4, -4, -3, -3, -3, -3, -3, -3, -3, -2, -2, -2, -2, -2, -3, -3, -4, -4, -4, -4, -4, -4, -4, -4, -4, -3, -3, -2, -2), (0, 0, 0, 0, 0, 0, 1, 1, 1, 1, 1, 1, 1, 1, 1, 1, 1, 1, 1, 1, 2, 2, 3, 3, 3, 3, 3, 3, 3, 3, 3, 3, 3, 3, 3, 3, 3, 3, 3, 3, 3, 3, 3, 3, 3, 3, 3, 3, 4, 4, 4, 4, 4, 4, 4, 4, 4, 4, 4, 4, 4, 4, 4), ' ']
['1643778002', '2022-02-01', '23:56', '30.06', '1018', (0, -1, -1, -1, -1, -1, -1, 0, 0, 0, 0, 0, 0, 0, 0, 0, 0, -1, -1, -1, -1, -2, -2, -3, -3, -3, -3, -3, -3, -3, -3, -3, -3, -2, -2, -3, -3, -3, -3, -3, -3, -3, -3, -3, -3, -3, -3, -3, -3, -4, -4, -4, -4, -4, -4, -3, -3, -3, -3, -3, -3, -3, -2, -2, -2, -2, -2, -3, -3, -4, -4, -4, -4, -4, -4, -4, -4, -4, -3, -3, -2, -2), (0, 1, 1, 1, 1, 1, 1, 1, 1, 1, 1, 1, 1, 1, 1, 1, 1, 1, 1, 1, 1, 2, 2, 3, 3, 3, 3, 3, 3, 3, 3, 3, 3, 3, 3, 3, 3, 3, 3, 3, 3, 3, 3, 3, 3, 3, 3, 3, 3, 4, 4, 4, 4, 4, 4, 4, 4, 4, 4, 4, 4, 4, 4), ' ']
['1643779802', '2022-02-02', '00:26', '30.06', '1018', (0, 0, -1, -1, -1, -1, -1, -1, 0, 0, 0, 0, 0, 0, 0, 0, 0, 0, -1, -1, -1, -1, -2, -2, -3, -3, -3, -3, -3, -3, -3, -3, -3, -3, -2, -2, -3, -3, -3, -3, -3, -3, -3, -3, -3, -3, -3, -3, -3, -3, -4, -4, -4, -4, -4, -4, -3, -3, -3, -3, -3, -3, -3, -2, -2, -2, -2, -2, -3, -3, -4, -4, -4, -4, -4, -4, -4, -4, -4, -3, -3, -2, -2), (0, 0, 1, 1, 1, 1, 1, 1, 1, 1, 1, 1, 1, 1, 1, 1, 1, 1, 1, 1, 1, 1, 2, 2, 3, 3, 3, 3, 3, 3, 3, 3, 3, 3, 3, 3, 3, 3, 3, 3, 3, 3, 3, 3, 3, 3, 3, 3, 3, 3, 4, 4, 4, 4, 4, 4, 4, 4, 4, 4, 4, 4, 4), ' ']
['1643781602', '2022-02-02', '00:56', '30.06', '1018', (0, 0, 0, -1, -1, -1, -1, -1, -1, 0, 0, 0, 0, 0, 0, 0, 0, 0, 0, -1, -1, -1, -1, -2, -2, -3, -3, -3, -3, -3, -3, -3, -3, -3, -3, -2, -2, -3, -3, -3, -3, -3, -3, -3, -3, -3, -3, -3, -3, -3, -3, -4, -4, -4, -4, -4, -4, -3, -3, -3, -3, -3, -3, -3, -2, -2, -2, -2, -2, -3, -3, -4, -4, -4, -4, -4, -4, -4, -4, -4, -3, -3, -2, -2), (0, 0, 0, 1, 1, 1, 1, 1, 1, 1, 1, 1, 1, 1, 1, 1, 1, 1, 1, 1, 1, 1, 1, 2, 2, 3, 3, 3, 3, 3, 3, 3, 3, 3, 3, 3, 3, 3, 3, 3, 3, 3, 3, 3, 3, 3, 3, 3, 3, 3, 3, 4, 4, 4, 4, 4, 4, 4, 4, 4, 4, 4, 4), ' ']
['1643783402', '2022-02-02', '01:27', '30.06', '1018', (0, 0, 0, 0, -1, -1, -1, -1, -1, -1, 0, 0, 0, 0, 0, 0, 0, 0, 0, 0, -1, -1, -1, -1, -2, -2, -3, -3, -3, -3, -3, -3, -3, -3, -3, -3, -2, -2, -3, -3, -3, -3, -3, -3, -3, -3, -3, -3, -3, -3, -3, -3, -4, -4, -4, -4, -4, -4, -3, -3, -3, -3, -3, -3, -3, -2, -2, -2, -2, -2, -3, -3, -4, -4, -4, -4, -4, -4, -4, -4, -4, -3, -3, -2, -2), (0, 0, 0, 0, 1, 1, 1, 1, 1, 1, 1, 1, 1, 1, 1, 1, 1, 1, 1, 1, 1, 1, 1, 1, 2, 2, 3, 3, 3, 3, 3, 3, 3, 3, 3, 3, 3, 3, 3, 3, 3, 3, 3, 3, 3, 3, 3, 3, 3, 3, 3, 3, 4, 4, 4, 4, 4, 4, 4, 4, 4, 4, 4), ' ']
['1643785202', '2022-02-02', '01:57', '30.06', '1018', (0, 0, 0, 0, 0, -1, -1, -1, -1, -1, -1, 0, 0, 0, 0, 0, 0, 0, 0, 0, 0, -1, -1, -1, -1, -2, -2, -3, -3, -3, -3, -3, -3, -3, -3, -3, -3, -2, -2, -3, -3, -3, -3, -3, -3, -3, -3, -3, -3, -3, -3, -3, -3, -4, -4, -4, -4, -4, -4, -3, -3, -3, -3, -3, -3, -3, -2, -2, -2, -2, -2, -3, -3, -4, -4, -4, -4, -4, -4, -4, -4, -4, -3, -3, -2, -2), (0, 0, 0, 0, 0, 1, 1, 1, 1, 1, 1, 1, 1, 1, 1, 1, 1, 1, 1, 1, 1, 1, 1, 1, 1, 2, 2, 3, 3, 3, 3, 3, 3, 3, 3, 3, 3, 3, 3, 3, 3, 3, 3, 3, 3, 3, 3, 3, 3, 3, 3, 3, 3, 4, 4, 4, 4, 4, 4, 4, 4, 4, 4), ' ']
['1643787002', '2022-02-02', '02:27', '30.06', '1018', (0, 0, 0, 0, 0, 0, -1, -1, -1, -1, -1, -1, 0, 0, 0, 0, 0, 0, 0, 0, 0, 0, -1, -1, -1, -1, -2, -2, -3, -3, -3, -3, -3, -3, -3, -3, -3, -3, -2, -2, -3, -3, -3, -3, -3, -3, -3, -3, -3, -3, -3, -3, -3, -3, -4, -4, -4, -4, -4, -4, -3, -3, -3, -3, -3, -3, -3, -2, -2, -2, -2, -2, -3, -3, -4, -4, -4, -4, -4, -4, -4, -4, -4, -3, -3, -2, -2), (0, 0, 0, 0, 0, 0, 1, 1, 1, 1, 1, 1, 1, 1, 1, 1, 1, 1, 1, 1, 1, 1, 1, 1, 1, 1, 2, 2, 3, 3, 3, 3, 3, 3, 3, 3, 3, 3, 3, 3, 3, 3, 3, 3, 3, 3, 3, 3, 3, 3, 3, 3, 3, 3, 4, 4, 4, 4, 4, 4, 4, 4, 4), ' ']
['1643788802', '2022-02-02', '02:57', '30.06', '1018', (0, 0, 0, 0, 0, 0, 0, -1, -1, -1, -1, -1, -1, 0, 0, 0, 0, 0, 0, 0, 0, 0, 0, -1, -1, -1, -1, -2, -2, -3, -3, -3, -3, -3, -3, -3, -3, -3, -3, -2, -2, -3, -3, -3, -3, -3, -3, -3, -3, -3, -3, -3, -3, -3, -3, -4, -4, -4, -4, -4, -4, -3, -3, -3, -3, -3, -3, -3, -2, -2, -2, -2, -2, -3, -3, -4, -4, -4, -4, -4, -4, -4, -4, -4, -3, -3, -2, -2), (0, 0, 0, 0, 0, 0, 0, 1, 1, 1, 1, 1, 1, 1, 1, 1, 1, 1, 1, 1, 1, 1, 1, 1, 1, 1, 1, 2, 2, 3, 3, 3, 3, 3, 3, 3, 3, 3, 3, 3, 3, 3, 3, 3, 3, 3, 3, 3, 3, 3, 3, 3, 3, 3, 3, 4, 4, 4, 4, 4, 4, 4, 4), ' ']
['1643790602', '2022-02-02', '03:27', '30.06', '1018', (0, 0, 0, 0, 0, 0, 0, 0, -1, -1, -1, -1, -1, -1, 0, 0, 0, 0, 0, 0, 0, 0, 0, 0, -1, -1, -1, -1, -2, -2, -3, -3, -3, -3, -3, -3, -3, -3, -3, -3, -2, -2, -3, -3, -3, -3, -3, -3, -3, -3, -3, -3, -3, -3, -3, -3, -4, -4, -4, -4, -4, -4, -3, -3, -3, -3, -3, -3, -3, -2, -2, -2, -2, -2, -3, -3, -4, -4, -4, -4, -4, -4, -4, -4, -4, -3, -3, -2, -2), (0, 0, 0, 0, 0, 0, 0, 0, 1, 1, 1, 1, 1, 1, 1, 1, 1, 1, 1, 1, 1, 1, 1, 1, 1, 1, 1, 1, 2, 2, 3, 3, 3, 3, 3, 3, 3, 3, 3, 3, 3, 3, 3, 3, 3, 3, 3, 3, 3, 3, 3, 3, 3, 3, 3, 3, 4, 4, 4, 4, 4, 4, 4), ' ']
['1643792401', '2022-02-02', '03:57', '30.09', '1019', (1, 1, 1, 1, 1, 1, 1, 1, 1, 0, 0, 0, 0, 0, 0, 1, 1, 1, 1, 1, 1, 1, 1, 1, 1, 0, 0, 0, 0, -1, -1, -2, -2, -2, -2, -2, -2, -2, -2, -2, -2, -1, -1, -2, -2, -2, -2, -2, -2, -2, -2, -2, -2, -2, -2, -2, -2, -3, -3, -3, -3, -3, -3, -2, -2, -2, -2, -2, -2, -2, -1, -1, -1, -1, -1, -2, -2, -3, -3, -3, -3, -3, -3, -3, -3, -3, -2, -2, -1, -1), (0, 0, 0, 0, 0, 0, 0, 0, 0, 1, 1, 1, 1, 1, 1, 1, 1, 1, 1, 1, 1, 1, 1, 1, 1, 1, 1, 1, 1, 2, 2, 3, 3, 3, 3, 3, 3, 3, 3, 3, 3, 3, 3, 3, 3, 3, 3, 3, 3, 3, 3, 3, 3, 3, 3, 3, 3, 4, 4, 4, 4, 4, 4), ' ']
['1643794202', '2022-02-02', '04:27', '30.06', '1018', (-1, 0, 0, 0, 0, 0, 0, 0, 0, 0, -1, -1, -1, -1, -1, -1, 0, 0, 0, 0, 0, 0, 0, 0, 0, 0, -1, -1, -1, -1, -2, -2, -3, -3, -3, -3, -3, -3, -3, -3, -3, -3, -2, -2, -3, -3, -3, -3, -3, -3, -3, -3, -3, -3, -3, -3, -3, -3, -4, -4, -4, -4, -4, -4, -3, -3, -3, -3, -3, -3, -3, -2, -2, -2, -2, -2, -3, -3, -4, -4, -4, -4, -4, -4, -4, -4, -4, -3, -3, -2, -2), (0, 1, 1, 1, 1, 1, 1, 1, 1, 1, 1, 1, 1, 1, 1, 1, 1, 1, 1, 1, 1, 1, 1, 1, 1, 1, 1, 1, 1, 1, 2, 2, 3, 3, 3, 3, 3, 3, 3, 3, 3, 3, 3, 3, 3, 3, 3, 3, 3, 3, 3, 3, 3, 3, 3, 3, 3, 3, 4, 4, 4, 4, 4), ' ']
['1643796002', '2022-02-02', '04:58', '30.09', '1019', (1, 0, 1, 1, 1, 1, 1, 1, 1, 1, 1, 0, 0, 0, 0, 0, 0, 1, 1, 1, 1, 1, 1, 1, 1, 1, 1, 0, 0, 0, 0, -1, -1, -2, -2, -2, -2, -2, -2, -2, -2, -2, -2, -1, -1, -2, -2, -2, -2, -2, -2, -2, -2, -2, -2, -2, -2, -2, -2, -3, -3, -3, -3, -3, -3, -2, -2, -2, -2, -2, -2, -2, -1, -1, -1, -1, -1, -2, -2, -3, -3, -3, -3, -3, -3, -3, -3, -3, -2, -2, -1, -1), (0, 1, 1, 1, 1, 1, 1, 1, 1, 1, 1, 1, 1, 1, 1, 1, 1, 1, 1, 1, 1, 1, 1, 1, 1, 1, 1, 1, 1, 1, 1, 2, 2, 3, 3, 3, 3, 3, 3, 3, 3, 3, 3, 3, 3, 3, 3, 3, 3, 3, 3, 3, 3, 3, 3, 3, 3, 3, 3, 4, 4, 4, 4), ' ']
['1643797802', '2022-02-02', '05:29', '30.06', '1018', (-1, 0, -1, 0, 0, 0, 0, 0, 0, 0, 0, 0, -1, -1, -1, -1, -1, -1, 0, 0, 0, 0, 0, 0, 0, 0, 0, 0, -1, -1, -1, -1, -2, -2, -3, -3, -3, -3, -3, -3, -3, -3, -3, -3, -2, -2, -3, -3, -3, -3, -3, -3, -3, -3, -3, -3, -3, -3, -3, -3, -4, -4, -4, -4, -4, -4, -3, -3, -3, -3, -3, -3, -3, -2, -2, -2, -2, -2, -3, -3, -4, -4, -4, -4, -4, -4, -4, -4, -4, -3, -3, -2, -2), (0, 1, 1, 1, 1, 1, 1, 1, 1, 1, 1, 1, 1, 1, 1, 1, 1, 1, 1, 1, 1, 1, 1, 1, 1, 1, 1, 1, 1, 1, 1, 1, 2, 2, 3, 3, 3, 3, 3, 3, 3, 3, 3, 3, 3, 3, 3, 3, 3, 3, 3, 3, 3, 3, 3, 3, 3, 3, 3, 3, 4, 4, 4), ' ']
['1643799602', '2022-02-02', '05:59', '30.09', '1019', (1, 0, 1, 0, 1, 1, 1, 1, 1, 1, 1, 1, 1, 0, 0, 0, 0, 0, 0, 1, 1, 1, 1, 1, 1, 1, 1, 1, 1, 0, 0, 0, 0, -1, -1, -2, -2, -2, -2, -2, -2, -2, -2, -2, -2, -1, -1, -2, -2, -2, -2, -2, -2, -2, -2, -2, -2, -2, -2, -2, -2, -3, -3, -3, -3, -3, -3, -2, -2, -2, -2, -2, -2, -2, -1, -1, -1, -1, -1, -2, -2, -3, -3, -3, -3, -3, -3, -3, -3, -3, -2, -2, -1, -1), (0, 1, 1, 1, 1, 1, 1, 1, 1, 1, 1, 1, 1, 1, 1, 1, 1, 1, 1, 1, 1, 1, 1, 1, 1, 1, 1, 1, 1, 1, 1, 1, 1, 2, 2, 3, 3, 3, 3, 3, 3, 3, 3, 3, 3, 3, 3, 3, 3, 3, 3, 3, 3, 3, 3, 3, 3, 3, 3, 3, 3, 4, 4), ' ']
['1643801401', '2022-02-02', '06:29', '30.09', '1019', (0, 1, 0, 1, 0, 1, 1, 1, 1, 1, 1, 1, 1, 1, 0, 0, 0, 0, 0, 0, 1, 1, 1, 1, 1, 1, 1, 1, 1, 1, 0, 0, 0, 0, -1, -1, -2, -2, -2, -2, -2, -2, -2, -2, -2, -2, -1, -1, -2, -2, -2, -2, -2, -2, -2, -2, -2, -2, -2, -2, -2, -2, -3, -3, -3, -3, -3, -3, -2, -2, -2, -2, -2, -2, -2, -1, -1, -1, -1, -1, -2, -2, -3, -3, -3, -3, -3, -3, -3, -3, -3, -2, -2, -1, -1), (0, 1, 1, 1, 1, 1, 1, 1, 1, 1, 1, 1, 1, 1, 1, 1, 1, 1, 1, 1, 1, 1, 1, 1, 1, 1, 1, 1, 1, 1, 1, 1, 1, 1, 2, 2, 3, 3, 3, 3, 3, 3, 3, 3, 3, 3, 3, 3, 3, 3, 3, 3, 3, 3, 3, 3, 3, 3, 3, 3, 3, 3, 4), ' ']
['1643803202', '2022-02-02', '06:59', '30.12', '1020', (1, 1, 2, 1, 2, 1, 2, 2, 2, 2, 2, 2, 2, 2, 2, 1, 1, 1, 1, 1, 1, 2, 2, 2, 2, 2, 2, 2, 2, 2, 2, 1, 1, 1, 1, 0, 0, -1, -1, -1, -1, -1, -1, -1, -1, -1, -1, 0, 0, -1, -1, -1, -1, -1, -1, -1, -1, -1, -1, -1, -1, -1, -1, -2, -2, -2, -2, -2, -2, -1, -1, -1, -1, -1, -1, -1, 0, 0, 0, 0, 0, -1, -1, -2, -2, -2, -2, -2, -2, -2, -2, -2, -1, -1, 0, 0), (0, 0, 1, 1, 1, 1, 1, 1, 1, 1, 1, 1, 1, 1, 1, 1, 1, 1, 1, 1, 1, 1, 1, 1, 1, 1, 1, 1, 1, 1, 1, 1, 1, 1, 1, 2, 2, 3, 3, 3, 3, 3, 3, 3, 3, 3, 3, 3, 3, 3, 3, 3, 3, 3, 3, 3, 3, 3, 3, 3, 3, 3, 3), ' ']
['1643805002', '2022-02-02', '07:29', '30.12', '1020', (0, 1, 1, 2, 1, 2, 1, 2, 2, 2, 2, 2, 2, 2, 2, 2, 1, 1, 1, 1, 1, 1, 2, 2, 2, 2, 2, 2, 2, 2, 2, 2, 1, 1, 1, 1, 0, 0, -1, -1, -1, -1, -1, -1, -1, -1, -1, -1, 0, 0, -1, -1, -1, -1, -1, -1, -1, -1, -1, -1, -1, -1, -1, -1, -2, -2, -2, -2, -2, -2, -1, -1, -1, -1, -1, -1, -1, 0, 0, 0, 0, 0, -1, -1, -2, -2, -2, -2, -2, -2, -2, -2, -2, -1, -1, 0, 0), (0, 1, 1, 2, 2, 2, 2, 2, 2, 2, 2, 2, 2, 2, 2, 2, 2, 2, 2, 2, 2, 2, 2, 2, 2, 2, 2, 2, 2, 2, 2, 2, 2, 2, 2, 2, 2, 2, 3, 3, 3, 3, 3, 3, 3, 3, 3, 3, 3, 3, 3, 3, 3, 3, 3, 3, 3, 3, 3, 3, 3, 3, 3), ' ']
['1643806802', '2022-02-02', '07:50', '30.12', '1020', (0, 0, 1, 1, 2, 1, 2, 1, 2, 2, 2, 2, 2, 2, 2, 2, 2, 1, 1, 1, 1, 1, 1, 2, 2, 2, 2, 2, 2, 2, 2, 2, 2, 1, 1, 1, 1, 0, 0, -1, -1, -1, -1, -1, -1, -1, -1, -1, -1, 0, 0, -1, -1, -1, -1, -1, -1, -1, -1, -1, -1, -1, -1, -1, -1, -2, -2, -2, -2, -2, -2, -1, -1, -1, -1, -1, -1, -1, 0, 0, 0, 0, 0, -1, -1, -2, -2, -2, -2, -2, -2, -2, -2, -2, -1, -1, 0, 0), (0, 0, 1, 1, 2, 2, 2, 2, 2, 2, 2, 2, 2, 2, 2, 2, 2, 2, 2, 2, 2, 2, 2, 2, 2, 2, 2, 2, 2, 2, 2, 2, 2, 2, 2, 2, 2, 2, 2, 3, 3, 3, 3, 3, 3, 3, 3, 3, 3, 3, 3, 3, 3, 3, 3, 3, 3, 3, 3, 3, 3, 3, 3), ' ']
['1643808602', '2022-02-02', '08:20', '30.12', '1020', (0, 0, 0, 1, 1, 2, 1, 2, 1, 2, 2, 2, 2, 2, 2, 2, 2, 2, 1, 1, 1, 1, 1, 1, 2, 2, 2, 2, 2, 2, 2, 2, 2, 2, 1, 1, 1, 1, 0, 0, -1, -1, -1, -1, -1, -1, -1, -1, -1, -1, 0, 0, -1, -1, -1, -1, -1, -1, -1, -1, -1, -1, -1, -1, -1, -1, -2, -2, -2, -2, -2, -2, -1, -1, -1, -1, -1, -1, -1, 0, 0, 0, 0, 0, -1, -1, -2, -2, -2, -2, -2, -2, -2, -2, -2, -1, -1, 0, 0), (0, 0, 0, 1, 1, 2, 2, 2, 2, 2, 2, 2, 2, 2, 2, 2, 2, 2, 2, 2, 2, 2, 2, 2, 2, 2, 2, 2, 2, 2, 2, 2, 2, 2, 2, 2, 2, 2, 2, 2, 3, 3, 3, 3, 3, 3, 3, 3, 3, 3, 3, 3, 3, 3, 3, 3, 3, 3, 3, 3, 3, 3, 3), ' ']
['1643810402', '2022-02-02', '08:50', '30.12', '1020', (0, 0, 0, 0, 1, 1, 2, 1, 2, 1, 2, 2, 2, 2, 2, 2, 2, 2, 2, 1, 1, 1, 1, 1, 1, 2, 2, 2, 2, 2, 2, 2, 2, 2, 2, 1, 1, 1, 1, 0, 0, -1, -1, -1, -1, -1, -1, -1, -1, -1, -1, 0, 0, -1, -1, -1, -1, -1, -1, -1, -1, -1, -1, -1, -1, -1, -1, -2, -2, -2, -2, -2, -2, -1, -1, -1, -1, -1, -1, -1, 0, 0, 0, 0, 0, -1, -1, -2, -2, -2, -2, -2, -2, -2, -2, -2, -1, -1, 0, 0), (0, 0, 0, 0, 1, 1, 2, 2, 2, 2, 2, 2, 2, 2, 2, 2, 2, 2, 2, 2, 2, 2, 2, 2, 2, 2, 2, 2, 2, 2, 2, 2, 2, 2, 2, 2, 2, 2, 2, 2, 2, 3, 3, 3, 3, 3, 3, 3, 3, 3, 3, 3, 3, 3, 3, 3, 3, 3, 3, 3, 3, 3, 3), ' ']
['1643812202', '2022-02-02', '09:20', '30.12', '1020', (0, 0, 0, 0, 0, 1, 1, 2, 1, 2, 1, 2, 2, 2, 2, 2, 2, 2, 2, 2, 1, 1, 1, 1, 1, 1, 2, 2, 2, 2, 2, 2, 2, 2, 2, 2, 1, 1, 1, 1, 0, 0, -1, -1, -1, -1, -1, -1, -1, -1, -1, -1, 0, 0, -1, -1, -1, -1, -1, -1, -1, -1, -1, -1, -1, -1, -1, -1, -2, -2, -2, -2, -2, -2, -1, -1, -1, -1, -1, -1, -1, 0, 0, 0, 0, 0, -1, -1, -2, -2, -2, -2, -2, -2, -2, -2, -2, -1, -1, 0, 0), (0, 0, 0, 0, 0, 1, 1, 2, 2, 2, 2, 2, 2, 2, 2, 2, 2, 2, 2, 2, 2, 2, 2, 2, 2, 2, 2, 2, 2, 2, 2, 2, 2, 2, 2, 2, 2, 2, 2, 2, 2, 2, 3, 3, 3, 3, 3, 3, 3, 3, 3, 3, 3, 3, 3, 3, 3, 3, 3, 3, 3, 3, 3), ' ']
['1643814002', '2022-02-02', '09:50', '30.12', '1020', (0, 0, 0, 0, 0, 0, 1, 1, 2, 1, 2, 1, 2, 2, 2, 2, 2, 2, 2, 2, 2, 1, 1, 1, 1, 1, 1, 2, 2, 2, 2, 2, 2, 2, 2, 2, 2, 1, 1, 1, 1, 0, 0, -1, -1, -1, -1, -1, -1, -1, -1, -1, -1, 0, 0, -1, -1, -1, -1, -1, -1, -1, -1, -1, -1, -1, -1, -1, -1, -2, -2, -2, -2, -2, -2, -1, -1, -1, -1, -1, -1, -1, 0, 0, 0, 0, 0, -1, -1, -2, -2, -2, -2, -2, -2, -2, -2, -2, -1, -1, 0, 0), (0, 0, 0, 0, 0, 0, 1, 1, 2, 2, 2, 2, 2, 2, 2, 2, 2, 2, 2, 2, 2, 2, 2, 2, 2, 2, 2, 2, 2, 2, 2, 2, 2, 2, 2, 2, 2, 2, 2, 2, 2, 2, 2, 3, 3, 3, 3, 3, 3, 3, 3, 3, 3, 3, 3, 3, 3, 3, 3, 3, 3, 3, 3), ' ']
['1643815802', '2022-02-02', '10:21', '30.12', '1020', (0, 0, 0, 0, 0, 0, 0, 1, 1, 2, 1, 2, 1, 2, 2, 2, 2, 2, 2, 2, 2, 2, 1, 1, 1, 1, 1, 1, 2, 2, 2, 2, 2, 2, 2, 2, 2, 2, 1, 1, 1, 1, 0, 0, -1, -1, -1, -1, -1, -1, -1, -1, -1, -1, 0, 0, -1, -1, -1, -1, -1, -1, -1, -1, -1, -1, -1, -1, -1, -1, -2, -2, -2, -2, -2, -2, -1, -1, -1, -1, -1, -1, -1, 0, 0, 0, 0, 0, -1, -1, -2, -2, -2, -2, -2, -2, -2, -2, -2, -1, -1, 0, 0), (0, 0, 0, 0, 0, 0, 0, 1, 1, 2, 2, 2, 2, 2, 2, 2, 2, 2, 2, 2, 2, 2, 2, 2, 2, 2, 2, 2, 2, 2, 2, 2, 2, 2, 2, 2, 2, 2, 2, 2, 2, 2, 2, 2, 3, 3, 3, 3, 3, 3, 3, 3, 3, 3, 3, 3, 3, 3, 3, 3, 3, 3, 3), ' ']
['1643817602', '2022-02-02', '10:51', '30.12', '1020', (0, 0, 0, 0, 0, 0, 0, 0, 1, 1, 2, 1, 2, 1, 2, 2, 2, 2, 2, 2, 2, 2, 2, 1, 1, 1, 1, 1, 1, 2, 2, 2, 2, 2, 2, 2, 2, 2, 2, 1, 1, 1, 1, 0, 0, -1, -1, -1, -1, -1, -1, -1, -1, -1, -1, 0, 0, -1, -1, -1, -1, -1, -1, -1, -1, -1, -1, -1, -1, -1, -1, -2, -2, -2, -2, -2, -2, -1, -1, -1, -1, -1, -1, -1, 0, 0, 0, 0, 0, -1, -1, -2, -2, -2, -2, -2, -2, -2, -2, -2, -1, -1, 0, 0), (0, 0, 0, 0, 0, 0, 0, 0, 1, 1, 2, 2, 2, 2, 2, 2, 2, 2, 2, 2, 2, 2, 2, 2, 2, 2, 2, 2, 2, 2, 2, 2, 2, 2, 2, 2, 2, 2, 2, 2, 2, 2, 2, 2, 2, 3, 3, 3, 3, 3, 3, 3, 3, 3, 3, 3, 3, 3, 3, 3, 3, 3, 3), ' ']
['1643819402', '2022-02-02', '11:21', '30.12', '1020', (0, 0, 0, 0, 0, 0, 0, 0, 0, 1, 1, 2, 1, 2, 1, 2, 2, 2, 2, 2, 2, 2, 2, 2, 1, 1, 1, 1, 1, 1, 2, 2, 2, 2, 2, 2, 2, 2, 2, 2, 1, 1, 1, 1, 0, 0, -1, -1, -1, -1, -1, -1, -1, -1, -1, -1, 0, 0, -1, -1, -1, -1, -1, -1, -1, -1, -1, -1, -1, -1, -1, -1, -2, -2, -2, -2, -2, -2, -1, -1, -1, -1, -1, -1, -1, 0, 0, 0, 0, 0, -1, -1, -2, -2, -2, -2, -2, -2, -2, -2, -2, -1, -1, 0, 0), (0, 0, 0, 0, 0, 0, 0, 0, 0, 1, 1, 2, 2, 2, 2, 2, 2, 2, 2, 2, 2, 2, 2, 2, 2, 2, 2, 2, 2, 2, 2, 2, 2, 2, 2, 2, 2, 2, 2, 2, 2, 2, 2, 2, 2, 2, 3, 3, 3, 3, 3, 3, 3, 3, 3, 3, 3, 3, 3, 3, 3, 3, 3), ' ']
['1643821202', '2022-02-02', '11:52', '30.09', '1019', (-1, -1, -1, -1, -1, -1, -1, -1, -1, -1, 0, 0, 1, 0, 1, 0, 1, 1, 1, 1, 1, 1, 1, 1, 1, 0, 0, 0, 0, 0, 0, 1, 1, 1, 1, 1, 1, 1, 1, 1, 1, 0, 0, 0, 0, -1, -1, -2, -2, -2, -2, -2, -2, -2, -2, -2, -2, -1, -1, -2, -2, -2, -2, -2, -2, -2, -2, -2, -2, -2, -2, -2, -2, -3, -3, -3, -3, -3, -3, -2, -2, -2, -2, -2, -2, -2, -1, -1, -1, -1, -1, -2, -2, -3, -3, -3, -3, -3, -3, -3, -3, -3, -2, -2, -1, -1), (0, 0, 0, 0, 0, 0, 0, 0, 0, 0, 1, 1, 2, 2, 2, 2, 2, 2, 2, 2, 2, 2, 2, 2, 2, 2, 2, 2, 2, 2, 2, 2, 2, 2, 2, 2, 2, 2, 2, 2, 2, 2, 2, 2, 2, 2, 2, 3, 3, 3, 3, 3, 3, 3, 3, 3, 3, 3, 3, 3, 3, 3, 3), ' ']
['1643823002', '2022-02-02', '12:22', '30.06', '1018', (-1, -2, -2, -2, -2, -2, -2, -2, -2, -2, -2, -1, -1, 0, -1, 0, -1, 0, 0, 0, 0, 0, 0, 0, 0, 0, -1, -1, -1, -1, -1, -1, 0, 0, 0, 0, 0, 0, 0, 0, 0, 0, -1, -1, -1, -1, -2, -2, -3, -3, -3, -3, -3, -3, -3, -3, -3, -3, -2, -2, -3, -3, -3, -3, -3, -3, -3, -3, -3, -3, -3, -3, -3, -3, -4, -4, -4, -4, -4, -4, -3, -3, -3, -3, -3, -3, -3, -2, -2, -2, -2, -2, -3, -3, -4, -4, -4, -4, -4, -4, -4, -4, -4, -3, -3, -2, -2), (0, 1, 1, 1, 1, 1, 1, 1, 1, 1, 1, 1, 1, 2, 2, 2, 2, 2, 2, 2, 2, 2, 2, 2, 2, 2, 2, 2, 2, 2, 2, 2, 2, 2, 2, 2, 2, 2, 2, 2, 2, 2, 2, 2, 2, 2, 2, 2, 3, 3, 3, 3, 3, 3, 3, 3, 3, 3, 3, 3, 3, 3, 3), ' ']
['1643824802', '2022-02-02', '12:52', '30.06', '1018', (0, -1, -2, -2, -2, -2, -2, -2, -2, -2, -2, -2, -1, -1, 0, -1, 0, -1, 0, 0, 0, 0, 0, 0, 0, 0, 0, -1, -1, -1, -1, -1, -1, 0, 0, 0, 0, 0, 0, 0, 0, 0, 0, -1, -1, -1, -1, -2, -2, -3, -3, -3, -3, -3, -3, -3, -3, -3, -3, -2, -2, -3, -3, -3, -3, -3, -3, -3, -3, -3, -3, -3, -3, -3, -3, -4, -4, -4, -4, -4, -4, -3, -3, -3, -3, -3, -3, -3, -2, -2, -2, -2, -2, -3, -3, -4, -4, -4, -4, -4, -4, -4, -4, -4, -3, -3, -2, -2), (0, 1, 2, 2, 2, 2, 2, 2, 2, 2, 2, 2, 2, 2, 2, 2, 2, 2, 2, 2, 2, 2, 2, 2, 2, 2, 2, 2, 2, 2, 2, 2, 2, 2, 2, 2, 2, 2, 2, 2, 2, 2, 2, 2, 2, 2, 2, 2, 2, 3, 3, 3, 3, 3, 3, 3, 3, 3, 3, 3, 3, 3, 3), ' ']
['1643826602', '2022-02-02', '13:22', '30.03', '1017', (-1, -1, -2, -3, -3, -3, -3, -3, -3, -3, -3, -3, -3, -2, -2, -1, -2, -1, -2, -1, -1, -1, -1, -1, -1, -1, -1, -1, -2, -2, -2, -2, -2, -2, -1, -1, -1, -1, -1, -1, -1, -1, -1, -1, -2, -2, -2, -2, -3, -3, -4, -4, -4, -4, -4, -4, -4, -4, -4, -4, -3, -3, -4, -4, -4, -4, -4, -4, -4, -4, -4, -4, -4, -4, -4, -4, -5, -5, -5, -5, -5, -5, -4, -4, -4, -4, -4, -4, -4, -3, -3, -3, -3, -3, -4, -4, -5, -5, -5, -5, -5, -5, -5, -5, -5, -4, -4, -3, -3), (0, 0, 1, 2, 2, 2, 2, 2, 2, 2, 2, 2, 2, 2, 2, 2, 2, 2, 2, 2, 2, 2, 2, 2, 2, 2, 2, 2, 2, 2, 2, 2, 2, 2, 2, 2, 2, 2, 2, 2, 2, 2, 2, 2, 2, 2, 2, 2, 2, 2, 3, 3, 3, 3, 3, 3, 3, 3, 3, 3, 3, 3, 3), ' ']
['1643828401', '2022-02-02', '13:52', '30.03', '1017', (0, -1, -1, -2, -3, -3, -3, -3, -3, -3, -3, -3, -3, -3, -2, -2, -1, -2, -1, -2, -1, -1, -1, -1, -1, -1, -1, -1, -1, -2, -2, -2, -2, -2, -2, -1, -1, -1, -1, -1, -1, -1, -1, -1, -1, -2, -2, -2, -2, -3, -3, -4, -4, -4, -4, -4, -4, -4, -4, -4, -4, -3, -3, -4, -4, -4, -4, -4, -4, -4, -4, -4, -4, -4, -4, -4, -4, -5, -5, -5, -5, -5, -5, -4, -4, -4, -4, -4, -4, -4, -3, -3, -3, -3, -3, -4, -4, -5, -5, -5, -5, -5, -5, -5, -5, -5, -4, -4, -3, -3), (0, 1, 1, 2, 3, 3, 3, 3, 3, 3, 3, 3, 3, 3, 3, 3, 3, 3, 3, 3, 3, 3, 3, 3, 3, 3, 3, 3, 3, 3, 3, 3, 3, 3, 3, 3, 3, 3, 3, 3, 3, 3, 3, 3, 3, 3, 3, 3, 3, 3, 3, 4, 4, 4, 4, 4, 4, 4, 4, 4, 4, 4, 4), ' ']
['1643830202', '2022-02-02', '14:22', '30.03', '1017', (0, 0, -1, -1, -2, -3, -3, -3, -3, -3, -3, -3, -3, -3, -3, -2, -2, -1, -2, -1, -2, -1, -1, -1, -1, -1, -1, -1, -1, -1, -2, -2, -2, -2, -2, -2, -1, -1, -1, -1, -1, -1, -1, -1, -1, -1, -2, -2, -2, -2, -3, -3, -4, -4, -4, -4, -4, -4, -4, -4, -4, -4, -3, -3, -4, -4, -4, -4, -4, -4, -4, -4, -4, -4, -4, -4, -4, -4, -5, -5, -5, -5, -5, -5, -4, -4, -4, -4, -4, -4, -4, -3, -3, -3, -3, -3, -4, -4, -5, -5, -5, -5, -5, -5, -5, -5, -5, -4, -4, -3, -3), (0, 0, 1, 1, 2, 3, 3, 3, 3, 3, 3, 3, 3, 3, 3, 3, 3, 3, 3, 3, 3, 3, 3, 3, 3, 3, 3, 3, 3, 3, 3, 3, 3, 3, 3, 3, 3, 3, 3, 3, 3, 3, 3, 3, 3, 3, 3, 3, 3, 3, 3, 3, 4, 4, 4, 4, 4, 4, 4, 4, 4, 4, 4), ' ']
['1643832002', '2022-02-02', '14:53', '30.00', '1016', (-1, -1, -1, -2, -2, -3, -4, -4, -4, -4, -4, -4, -4, -4, -4, -4, -3, -3, -2, -3, -2, -3, -2, -2, -2, -2, -2, -2, -2, -2, -2, -3, -3, -3, -3, -3, -3, -2, -2, -2, -2, -2, -2, -2, -2, -2, -2, -3, -3, -3, -3, -4, -4, -5, -5, -5, -5, -5, -5, -5, -5, -5, -5, -4, -4, -5, -5, -5, -5, -5, -5, -5, -5, -5, -5, -5, -5, -5, -5, -6, -6, -6, -6, -6, -6, -5, -5, -5, -5, -5, -5, -5, -4, -4, -4, -4, -4, -5, -5, -6, -6, -6, -6, -6, -6, -6, -6, -6, -5, -5, -4, -4), (0, 0, 0, 1, 1, 2, 3, 3, 3, 3, 3, 3, 3, 3, 3, 3, 3, 3, 3, 3, 3, 3, 3, 3, 3, 3, 3, 3, 3, 3, 3, 3, 3, 3, 3, 3, 3, 3, 3, 3, 3, 3, 3, 3, 3, 3, 3, 3, 3, 3, 3, 3, 3, 4, 4, 4, 4, 4, 4, 4, 4, 4, 4), ' ']
['1643833802', '2022-02-02', '15:23', '30.00', '1016', (0, -1, -1, -1, -2, -2, -3, -4, -4, -4, -4, -4, -4, -4, -4, -4, -4, -3, -3, -2, -3, -2, -3, -2, -2, -2, -2, -2, -2, -2, -2, -2, -3, -3, -3, -3, -3, -3, -2, -2, -2, -2, -2, -2, -2, -2, -2, -2, -3, -3, -3, -3, -4, -4, -5, -5, -5, -5, -5, -5, -5, -5, -5, -5, -4, -4, -5, -5, -5, -5, -5, -5, -5, -5, -5, -5, -5, -5, -5, -5, -6, -6, -6, -6, -6, -6, -5, -5, -5, -5, -5, -5, -5, -4, -4, -4, -4, -4, -5, -5, -6, -6, -6, -6, -6, -6, -6, -6, -6, -5, -5, -4, -4), (0, 1, 1, 1, 2, 2, 3, 4, 4, 4, 4, 4, 4, 4, 4, 4, 4, 4, 4, 4, 4, 4, 4, 4, 4, 4, 4, 4, 4, 4, 4, 4, 4, 4, 4, 4, 4, 4, 4, 4, 4, 4, 4, 4, 4, 4, 4, 4, 4, 4, 4, 4, 4, 4, 5, 5, 5, 5, 5, 5, 5, 5, 5), ' ']
['1643835602', '2022-02-02', '15:53', '30.00', '1016', (0, 0, -1, -1, -1, -2, -2, -3, -4, -4, -4, -4, -4, -4, -4, -4, -4, -4, -3, -3, -2, -3, -2, -3, -2, -2, -2, -2, -2, -2, -2, -2, -2, -3, -3, -3, -3, -3, -3, -2, -2, -2, -2, -2, -2, -2, -2, -2, -2, -3, -3, -3, -3, -4, -4, -5, -5, -5, -5, -5, -5, -5, -5, -5, -5, -4, -4, -5, -5, -5, -5, -5, -5, -5, -5, -5, -5, -5, -5, -5, -5, -6, -6, -6, -6, -6, -6, -5, -5, -5, -5, -5, -5, -5, -4, -4, -4, -4, -4, -5, -5, -6, -6, -6, -6, -6, -6, -6, -6, -6, -5, -5, -4, -4), (0, 0, 1, 1, 1, 2, 2, 3, 4, 4, 4, 4, 4, 4, 4, 4, 4, 4, 4, 4, 4, 4, 4, 4, 4, 4, 4, 4, 4, 4, 4, 4, 4, 4, 4, 4, 4, 4, 4, 4, 4, 4, 4, 4, 4, 4, 4, 4, 4, 4, 4, 4, 4, 4, 4, 5, 5, 5, 5, 5, 5, 5, 5), ' ']
['1643837402', '2022-02-02', '16:24', '30.03', '1017', (1, 1, 1, 0, 0, 0, -1, -1, -2, -3, -3, -3, -3, -3, -3, -3, -3, -3, -3, -2, -2, -1, -2, -1, -2, -1, -1, -1, -1, -1, -1, -1, -1, -1, -2, -2, -2, -2, -2, -2, -1, -1, -1, -1, -1, -1, -1, -1, -1, -1, -2, -2, -2, -2, -3, -3, -4, -4, -4, -4, -4, -4, -4, -4, -4, -4, -3, -3, -4, -4, -4, -4, -4, -4, -4, -4, -4, -4, -4, -4, -4, -4, -5, -5, -5, -5, -5, -5, -4, -4, -4, -4, -4, -4, -4, -3, -3, -3, -3, -3, -4, -4, -5, -5, -5, -5, -5, -5, -5, -5, -5, -4, -4, -3, -3), (0, 0, 0, 1, 1, 1, 2, 2, 3, 4, 4, 4, 4, 4, 4, 4, 4, 4, 4, 4, 4, 4, 4, 4, 4, 4, 4, 4, 4, 4, 4, 4, 4, 4, 4, 4, 4, 4, 4, 4, 4, 4, 4, 4, 4, 4, 4, 4, 4, 4, 4, 4, 4, 4, 4, 4, 5, 5, 5, 5, 5, 5, 5), ' ']
['1643839202', '2022-02-02', '16:54', '30.00', '1016', (-1, 0, 0, 0, -1, -1, -1, -2, -2, -3, -4, -4, -4, -4, -4, -4, -4, -4, -4, -4, -3, -3, -2, -3, -2, -3, -2, -2, -2, -2, -2, -2, -2, -2, -2, -3, -3, -3, -3, -3, -3, -2, -2, -2, -2, -2, -2, -2, -2, -2, -2, -3, -3, -3, -3, -4, -4, -5, -5, -5, -5, -5, -5, -5, -5, -5, -5, -4, -4, -5, -5, -5, -5, -5, -5, -5, -5, -5, -5, -5, -5, -5, -5, -6, -6, -6, -6, -6, -6, -5, -5, -5, -5, -5, -5, -5, -4, -4, -4, -4, -4, -5, -5, -6, -6, -6, -6, -6, -6, -6, -6, -6, -5, -5, -4, -4), (0, 1, 1, 1, 1, 1, 1, 2, 2, 3, 4, 4, 4, 4, 4, 4, 4, 4, 4, 4, 4, 4, 4, 4, 4, 4, 4, 4, 4, 4, 4, 4, 4, 4, 4, 4, 4, 4, 4, 4, 4, 4, 4, 4, 4, 4, 4, 4, 4, 4, 4, 4, 4, 4, 4, 4, 4, 5, 5, 5, 5, 5, 5), ' ']
['1643841001', '2022-02-02', '17:24', '30.00', '1016', (0, -1, 0, 0, 0, -1, -1, -1, -2, -2, -3, -4, -4, -4, -4, -4, -4, -4, -4, -4, -4, -3, -3, -2, -3, -2, -3, -2, -2, -2, -2, -2, -2, -2, -2, -2, -3, -3, -3, -3, -3, -3, -2, -2, -2, -2, -2, -2, -2, -2, -2, -2, -3, -3, -3, -3, -4, -4, -5, -5, -5, -5, -5, -5, -5, -5, -5, -5, -4, -4, -5, -5, -5, -5, -5, -5, -5, -5, -5, -5, -5, -5, -5, -5, -6, -6, -6, -6, -6, -6, -5, -5, -5, -5, -5, -5, -5, -4, -4, -4, -4, -4, -5, -5, -6, -6, -6, -6, -6, -6, -6, -6, -6, -5, -5, -4, -4), (0, 1, 1, 1, 1, 1, 1, 1, 2, 2, 3, 4, 4, 4, 4, 4, 4, 4, 4, 4, 4, 4, 4, 4, 4, 4, 4, 4, 4, 4, 4, 4, 4, 4, 4, 4, 4, 4, 4, 4, 4, 4, 4, 4, 4, 4, 4, 4, 4, 4, 4, 4, 4, 4, 4, 4, 4, 4, 5, 5, 5, 5, 5), ' ']
['1643842802', '2022-02-02', '17:54', '30.00', '1016', (0, 0, -1, 0, 0, 0, -1, -1, -1, -2, -2, -3, -4, -4, -4, -4, -4, -4, -4, -4, -4, -4, -3, -3, -2, -3, -2, -3, -2, -2, -2, -2, -2, -2, -2, -2, -2, -3, -3, -3, -3, -3, -3, -2, -2, -2, -2, -2, -2, -2, -2, -2, -2, -3, -3, -3, -3, -4, -4, -5, -5, -5, -5, -5, -5, -5, -5, -5, -5, -4, -4, -5, -5, -5, -5, -5, -5, -5, -5, -5, -5, -5, -5, -5, -5, -6, -6, -6, -6, -6, -6, -5, -5, -5, -5, -5, -5, -5, -4, -4, -4, -4, -4, -5, -5, -6, -6, -6, -6, -6, -6, -6, -6, -6, -5, -5, -4, -4), (0, 0, 1, 1, 1, 1, 1, 1, 1, 2, 2, 3, 4, 4, 4, 4, 4, 4, 4, 4, 4, 4, 4, 4, 4, 4, 4, 4, 4, 4, 4, 4, 4, 4, 4, 4, 4, 4, 4, 4, 4, 4, 4, 4, 4, 4, 4, 4, 4, 4, 4, 4, 4, 4, 4, 4, 4, 4, 4, 5, 5, 5, 5), ' ']
['1643844601', '2022-02-02', '18:25', '30.03', '1017', (1, 1, 1, 0, 1, 1, 1, 0, 0, 0, -1, -1, -2, -3, -3, -3, -3, -3, -3, -3, -3, -3, -3, -2, -2, -1, -2, -1, -2, -1, -1, -1, -1, -1, -1, -1, -1, -1, -2, -2, -2, -2, -2, -2, -1, -1, -1, -1, -1, -1, -1, -1, -1, -1, -2, -2, -2, -2, -3, -3, -4, -4, -4, -4, -4, -4, -4, -4, -4, -4, -3, -3, -4, -4, -4, -4, -4, -4, -4, -4, -4, -4, -4, -4, -4, -4, -5, -5, -5, -5, -5, -5, -4, -4, -4, -4, -4, -4, -4, -3, -3, -3, -3, -3, -4, -4, -5, -5, -5, -5, -5, -5, -5, -5, -5, -4, -4, -3, -3), (0, 0, 0, 1, 1, 1, 1, 1, 1, 1, 2, 2, 3, 4, 4, 4, 4, 4, 4, 4, 4, 4, 4, 4, 4, 4, 4, 4, 4, 4, 4, 4, 4, 4, 4, 4, 4, 4, 4, 4, 4, 4, 4, 4, 4, 4, 4, 4, 4, 4, 4, 4, 4, 4, 4, 4, 4, 4, 4, 4, 5, 5, 5), ' ']
['1643846402', '2022-02-02', '18:55', '30.03', '1017', (0, 1, 1, 1, 0, 1, 1, 1, 0, 0, 0, -1, -1, -2, -3, -3, -3, -3, -3, -3, -3, -3, -3, -3, -2, -2, -1, -2, -1, -2, -1, -1, -1, -1, -1, -1, -1, -1, -1, -2, -2, -2, -2, -2, -2, -1, -1, -1, -1, -1, -1, -1, -1, -1, -1, -2, -2, -2, -2, -3, -3, -4, -4, -4, -4, -4, -4, -4, -4, -4, -4, -3, -3, -4, -4, -4, -4, -4, -4, -4, -4, -4, -4, -4, -4, -4, -4, -5, -5, -5, -5, -5, -5, -4, -4, -4, -4, -4, -4, -4, -3, -3, -3, -3, -3, -4, -4, -5, -5, -5, -5, -5, -5, -5, -5, -5, -4, -4, -3, -3), (0, 1, 1, 1, 1, 1, 1, 1, 1, 1, 1, 2, 2, 3, 4, 4, 4, 4, 4, 4, 4, 4, 4, 4, 4, 4, 4, 4, 4, 4, 4, 4, 4, 4, 4, 4, 4, 4, 4, 4, 4, 4, 4, 4, 4, 4, 4, 4, 4, 4, 4, 4, 4, 4, 4, 4, 4, 4, 4, 4, 4, 5, 5), ' ']
['1643848202', '2022-02-02', '19:25', '30.03', '1017', (0, 0, 1, 1, 1, 0, 1, 1, 1, 0, 0, 0, -1, -1, -2, -3, -3, -3, -3, -3, -3, -3, -3, -3, -3, -2, -2, -1, -2, -1, -2, -1, -1, -1, -1, -1, -1, -1, -1, -1, -2, -2, -2, -2, -2, -2, -1, -1, -1, -1, -1, -1, -1, -1, -1, -1, -2, -2, -2, -2, -3, -3, -4, -4, -4, -4, -4, -4, -4, -4, -4, -4, -3, -3, -4, -4, -4, -4, -4, -4, -4, -4, -4, -4, -4, -4, -4, -4, -5, -5, -5, -5, -5, -5, -4, -4, -4, -4, -4, -4, -4, -3, -3, -3, -3, -3, -4, -4, -5, -5, -5, -5, -5, -5, -5, -5, -5, -4, -4, -3, -3), (0, 0, 1, 1, 1, 1, 1, 1, 1, 1, 1, 1, 2, 2, 3, 4, 4, 4, 4, 4, 4, 4, 4, 4, 4, 4, 4, 4, 4, 4, 4, 4, 4, 4, 4, 4, 4, 4, 4, 4, 4, 4, 4, 4, 4, 4, 4, 4, 4, 4, 4, 4, 4, 4, 4, 4, 4, 4, 4, 4, 4, 4, 5), ' ']
['1643850002', '2022-02-02', '19:56', '30.03', '1017', (0, 0, 0, 1, 1, 1, 0, 1, 1, 1, 0, 0, 0, -1, -1, -2, -3, -3, -3, -3, -3, -3, -3, -3, -3, -3, -2, -2, -1, -2, -1, -2, -1, -1, -1, -1, -1, -1, -1, -1, -1, -2, -2, -2, -2, -2, -2, -1, -1, -1, -1, -1, -1, -1, -1, -1, -1, -2, -2, -2, -2, -3, -3, -4, -4, -4, -4, -4, -4, -4, -4, -4, -4, -3, -3, -4, -4, -4, -4, -4, -4, -4, -4, -4, -4, -4, -4, -4, -4, -5, -5, -5, -5, -5, -5, -4, -4, -4, -4, -4, -4, -4, -3, -3, -3, -3, -3, -4, -4, -5, -5, -5, -5, -5, -5, -5, -5, -5, -4, -4, -3, -3), (0, 0, 0, 1, 1, 1, 1, 1, 1, 1, 1, 1, 1, 2, 2, 3, 4, 4, 4, 4, 4, 4, 4, 4, 4, 4, 4, 4, 4, 4, 4, 4, 4, 4, 4, 4, 4, 4, 4, 4, 4, 4, 4, 4, 4, 4, 4, 4, 4, 4, 4, 4, 4, 4, 4, 4, 4, 4, 4, 4, 4, 4, 4), ' ']
['1643851801', '2022-02-02', '20:26', '30.03', '1017', (0, 0, 0, 0, 1, 1, 1, 0, 1, 1, 1, 0, 0, 0, -1, -1, -2, -3, -3, -3, -3, -3, -3, -3, -3, -3, -3, -2, -2, -1, -2, -1, -2, -1, -1, -1, -1, -1, -1, -1, -1, -1, -2, -2, -2, -2, -2, -2, -1, -1, -1, -1, -1, -1, -1, -1, -1, -1, -2, -2, -2, -2, -3, -3, -4, -4, -4, -4, -4, -4, -4, -4, -4, -4, -3, -3, -4, -4, -4, -4, -4, -4, -4, -4, -4, -4, -4, -4, -4, -4, -5, -5, -5, -5, -5, -5, -4, -4, -4, -4, -4, -4, -4, -3, -3, -3, -3, -3, -4, -4, -5, -5, -5, -5, -5, -5, -5, -5, -5, -4, -4, -3, -3), (0, 0, 0, 0, 1, 1, 1, 1, 1, 1, 1, 1, 1, 1, 2, 2, 3, 4, 4, 4, 4, 4, 4, 4, 4, 4, 4, 4, 4, 4, 4, 4, 4, 4, 4, 4, 4, 4, 4, 4, 4, 4, 4, 4, 4, 4, 4, 4, 4, 4, 4, 4, 4, 4, 4, 4, 4, 4, 4, 4, 4, 4, 4), ' ']
['1643853602', '2022-02-02', '20:56', '30.03', '1017', (0, 0, 0, 0, 0, 1, 1, 1, 0, 1, 1, 1, 0, 0, 0, -1, -1, -2, -3, -3, -3, -3, -3, -3, -3, -3, -3, -3, -2, -2, -1, -2, -1, -2, -1, -1, -1, -1, -1, -1, -1, -1, -1, -2, -2, -2, -2, -2, -2, -1, -1, -1, -1, -1, -1, -1, -1, -1, -1, -2, -2, -2, -2, -3, -3, -4, -4, -4, -4, -4, -4, -4, -4, -4, -4, -3, -3, -4, -4, -4, -4, -4, -4, -4, -4, -4, -4, -4, -4, -4, -4, -5, -5, -5, -5, -5, -5, -4, -4, -4, -4, -4, -4, -4, -3, -3, -3, -3, -3, -4, -4, -5, -5, -5, -5, -5, -5, -5, -5, -5, -4, -4, -3, -3), (0, 0, 0, 0, 0, 1, 1, 1, 1, 1, 1, 1, 1, 1, 1, 2, 2, 3, 4, 4, 4, 4, 4, 4, 4, 4, 4, 4, 4, 4, 4, 4, 4, 4, 4, 4, 4, 4, 4, 4, 4, 4, 4, 4, 4, 4, 4, 4, 4, 4, 4, 4, 4, 4, 4, 4, 4, 4, 4, 4, 4, 4, 4), ' ']
['1643855402', '2022-02-02', '21:26', '30.03', '1017', (0, 0, 0, 0, 0, 0, 1, 1, 1, 0, 1, 1, 1, 0, 0, 0, -1, -1, -2, -3, -3, -3, -3, -3, -3, -3, -3, -3, -3, -2, -2, -1, -2, -1, -2, -1, -1, -1, -1, -1, -1, -1, -1, -1, -2, -2, -2, -2, -2, -2, -1, -1, -1, -1, -1, -1, -1, -1, -1, -1, -2, -2, -2, -2, -3, -3, -4, -4, -4, -4, -4, -4, -4, -4, -4, -4, -3, -3, -4, -4, -4, -4, -4, -4, -4, -4, -4, -4, -4, -4, -4, -4, -5, -5, -5, -5, -5, -5, -4, -4, -4, -4, -4, -4, -4, -3, -3, -3, -3, -3, -4, -4, -5, -5, -5, -5, -5, -5, -5, -5, -5, -4, -4, -3, -3), (0, 0, 0, 0, 0, 0, 1, 1, 1, 1, 1, 1, 1, 1, 1, 1, 2, 2, 3, 4, 4, 4, 4, 4, 4, 4, 4, 4, 4, 4, 4, 4, 4, 4, 4, 4, 4, 4, 4, 4, 4, 4, 4, 4, 4, 4, 4, 4, 4, 4, 4, 4, 4, 4, 4, 4, 4, 4, 4, 4, 4, 4, 4), ' ']
